# Created by Octave 4.2.0, Wed Jul 25 13:01:00 2018 IST <srijith@satvam-ws>
# name: color_black
# type: matrix
# rows: 1
# columns: 3
 0 0 0


# name: color_blue
# type: matrix
# rows: 1
# columns: 3
 0.04705882352941176 0.2588235294117647 0.6


# name: color_brown
# type: matrix
# rows: 1
# columns: 3
 0.4980392156862745 0.2313725490196079 0.02745098039215686


# name: color_darkgreen
# type: matrix
# rows: 1
# columns: 3
 0.06666666666666667 0.3568627450980392 0.02745098039215686


# name: color_gray
# type: matrix
# rows: 1
# columns: 3
 0.2588235294117647 0.2392156862745098 0.2235294117647059


# name: color_green
# type: matrix
# rows: 1
# columns: 3
 0.09411764705882353 0.5882352941176471 0.1843137254901961


# name: color_magenta
# type: matrix
# rows: 1
# columns: 3
 0.8 0 0.5568627450980392


# name: color_orange
# type: matrix
# rows: 1
# columns: 3
 0.9372549019607843 0.5764705882352941 0.03529411764705882


# name: color_pink
# type: matrix
# rows: 1
# columns: 3
 0.6078431372549019 0.05882352941176471 0.4156862745098039


# name: color_purple
# type: matrix
# rows: 1
# columns: 3
 0.3176470588235294 0.01568627450980392 0.4392156862745098


# name: color_red
# type: matrix
# rows: 1
# columns: 3
 0.8392156862745098 0.1019607843137255 0.06666666666666667


# name: color_sunrise
# type: matrix
# rows: 1
# columns: 3
 1 0.7058823529411765 0.1176470588235294


# name: color_turquoise
# type: matrix
# rows: 1
# columns: 3
 0.07058823529411765 0.5490196078431373 0.4666666666666667


# name: color_yellow
# type: matrix
# rows: 1
# columns: 3
 0.8784313725490196 0.7843137254901961 0.05882352941176471


# name: colors
# type: matrix
# rows: 14
# columns: 3
 0.8784313725490196 0.7843137254901961 0.05882352941176471
 0.04705882352941176 0.2588235294117647 0.6
 0.8392156862745098 0.1019607843137255 0.06666666666666667
 0.09411764705882353 0.5882352941176471 0.1843137254901961
 0.4980392156862745 0.2313725490196079 0.02745098039215686
 0.8 0 0.5568627450980392
 0.06666666666666667 0.3568627450980392 0.02745098039215686
 0.6078431372549019 0.05882352941176471 0.4156862745098039
 0.9372549019607843 0.5764705882352941 0.03529411764705882
 1 0.7058823529411765 0.1176470588235294
 0.07058823529411765 0.5490196078431373 0.4666666666666667
 0.3176470588235294 0.01568627450980392 0.4392156862745098
 0 0 0
 0.2588235294117647 0.2392156862745098 0.2235294117647059


