# Created by Octave 4.2.0, Wed Jul 25 13:14:49 2018 IST <srijith@satvam-ws>
# name: reva_rdc
# type: matrix
# rows: 2114
# columns: 3
 0.0044 0.0308 0.0116
 0.0048 0.0304 0.0124
 0.0036 0.03 0.0124
 0.004 0.03 0.0124
 0.004 0.0304 0.0128
 0.0052 0.0304 0.0128
 0.0044 0.03 0.0124
 0.004 0.0304 0.0124
 0.004 0.03 0.0116
 0.0044 0.03 0.012
 0.0044 0.0296 0.0124
 0.0044 0.0304 0.0116
 0.004 0.03 0.0124
 0.004 0.0304 0.0124
 0.0044 0.0296 0.012
 0.0036 0.0296 0.0128
 0.004 0.03 0.0124
 0.004 0.03 0.012
 0.004 0.0304 0.012
 0.0048 0.0304 0.012
 0.0044 0.03 0.0124
 0.0044 0.0308 0.0116
 0.0052 0.03 0.0124
 0.0048 0.0308 0.0124
 0.0044 0.03 0.012
 0.0044 0.0292 0.0128
 0.0044 0.03 0.0128
 0.004 0.03 0.0116
 0.0044 0.0296 0.0128
 0.0048 0.0308 0.012
 0.0044 0.0304 0.0124
 0.004 0.0304 0.0124
 0.0036 0.03 0.0124
 0.004 0.0304 0.0124
 0.004 0.03 0.012
 0.004 0.03 0.0116
 0.0044 0.03 0.012
 0.0048 0.0312 0.0124
 0.004 0.03 0.0124
 0.0036 0.0304 0.0124
 0.004 0.0304 0.0124
 0.0036 0.0312 0.012
 0.0044 0.0304 0.0124
 0.0036 0.0284 0.0128
 0.004 0.03 0.0124
 0.0044 0.0296 0.012
 0.0036 0.03 0.0116
 0.0044 0.0296 0.012
 0.0036 0.0304 0.012
 0.004 0.0304 0.012
 0.0044 0.0296 0.0124
 0.004 0.03 0.012
 0.0036 0.0296 0.0116
 0.0044 0.03 0.0124
 0.0044 0.0304 0.012
 0.004 0.03 0.0124
 0.004 0.03 0.0112
 0.0044 0.03 0.0124
 0.0036 0.03 0.0116
 0.004 0.0296 0.0124
 0.004 0.0292 0.0124
 0.004 0.0304 0.012
 0.0036 0.03 0.012
 0.004 0.0304 0.0124
 0.0044 0.0288 0.0116
 0.004 0.03 0.012
 0.0036 0.03 0.0124
 0.0044 0.0296 0.0124
 0.0044 0.0292 0.012
 0.0036 0.03 0.0124
 0.004 0.0324 0.0116
 0.0036 0.0296 0.0116
 0.0048 0.0292 0.012
 0.004 0.0296 0.0124
 0.0144 0.03 0.0124
 0.0164 0.03 0.012
 0.0148 0.0292 0.0124
 0.0204 0.03 0.0116
 0.0144 0.0288 0.012
 0.0172 0.0296 0.012
 0.0144 0.0292 0.0124
 0.0144 0.0296 0.0124
 0.0148 0.0304 0.0124
 0.0148 0.0296 0.012
 0.004 0.0296 0.012
 0.004 0.03 0.0116
 0.004 0.0296 0.0124
 0.0036 0.0304 0.0116
 0.004 0.03 0.0124
 0.0044 0.0296 0.0124
 0.004 0.0304 0.0124
 0.004 0.0304 0.0124
 0.0032 0.0304 0.012
 0.0044 0.03 0.0128
 0.0036 0.0304 0.012
 0.0044 0.0292 0.0124
 0.004 0.0304 0.0128
 0.0044 0.03 0.012
 0.004 0.03 0.0124
 0.0036 0.0296 0.012
 0.0044 0.0292 0.0124
 0.004 0.0288 0.012
 0.0036 0.03 0.0136
 0.0036 0.0288 0.012
 0.0032 0.03 0.0124
 0.0044 0.0296 0.0112
 0.004 0.0296 0.012
 0.0044 0.03 0.012
 0.0044 0.03 0.0124
 0.004 0.0332 0.0116
 0.004 0.03 0.012
 0.0044 0.0296 0.012
 0.0044 0.03 0.012
 0.0044 0.0308 0.0124
 0.0044 0.0288 0.0116
 0.0044 0.0292 0.0124
 0.0036 0.03 0.012
 0.004 0.03 0.0128
 0.0044 0.03 0.012
 0.004 0.0304 0.0116
 0.0044 0.0296 0.0116
 0.0044 0.0288 0.0124
 0.004 0.0296 0.0128
 0.0044 0.0304 0.0124
 0.004 0.0296 0.0124
 0.004 0.0304 0.0116
 0.0036 0.03 0.0128
 0.0044 0.03 0.012
 0.0048 0.03 0.0128
 0.0044 0.03 0.012
 0.0044 0.03 0.012
 0.0036 0.03 0.012
 0.0036 0.0304 0.0124
 0.0036 0.0304 0.012
 0.0044 0.03 0.0124
 0.0044 0.0308 0.0124
 0.0044 0.0304 0.0116
 0.0044 0.03 0.0124
 0.0044 0.0296 0.0116
 0.004 0.0304 0.0116
 0.0044 0.0296 0.012
 0.0044 0.03 0.0152
 0.004 0.03 0.0124
 0.004 0.0304 0.0124
 0.0044 0.0308 0.0124
 0.004 0.03 0.0124
 0.0044 0.03 0.0128
 0.0036 0.0296 0.012
 0.0044 0.03 0.0116
 0.0044 0.03 0.012
 0.0048 0.0296 0.012
 0.004 0.0292 0.0124
 0.004 0.0288 0.0116
 0.0036 0.0296 0.012
 0.0044 0.0304 0.0124
 0.004 0.03 0.0124
 0.004 0.0304 0.012
 0.004 0.03 0.0116
 0.004 0.03 0.0112
 0.004 0.0296 0.012
 0.0044 0.03 0.0124
 0.0044 0.0304 0.0116
 0.004 0.03 0.012
 0.004 0.03 0.012
 0.0048 0.0308 0.012
 0.0044 0.0304 0.012
 0.004 0.0308 0.0128
 0.0044 0.0312 0.0124
 0.0044 0.0304 0.012
 0.004 0.03 0.0116
 0.0036 0.03 0.012
 0.004 0.03 0.0124
 0.004 0.0296 0.012
 0.0044 0.0288 0.0124
 0.0036 0.0288 0.0124
 0.0044 0.0288 0.012
 0.0044 0.0288 0.0124
 0.0044 0.0304 0.0124
 0.0036 0.03 0.012
 0.0036 0.03 0.012
 0.0036 0.03 0.0152
 0.004 0.03 0.012
 0.004 0.0296 0.012
 0.004 0.0292 0.0116
 0.0036 0.0296 0.012
 0.004 0.03 0.0128
 0.0044 0.03 0.0124
 0.004 0.03 0.0116
 0.004 0.0304 0.0124
 0.004 0.0304 0.0124
 0.004 0.03 0.0128
 0.004 0.0304 0.0124
 0.0044 0.0292 0.012
 0.0048 0.03 0.012
 0.0044 0.03 0.0128
 0.0048 0.0296 0.0116
 0.004 0.03 0.012
 0.0036 0.0296 0.0116
 0.0044 0.0292 0.012
 0.004 0.0296 0.012
 0.0044 0.0304 0.012
 0.004 0.03 0.012
 0.0044 0.03 0.012
 0.004 0.03 0.012
 0.0036 0.03 0.012
 0.004 0.03 0.0116
 0.0036 0.03 0.012
 0.0044 0.03 0.0124
 0.0036 0.0308 0.012
 0.004 0.03 0.012
 0.0036 0.0304 0.0128
 0.004 0.0296 0.0124
 0.0036 0.0296 0.012
 0.004 0.03 0.012
 0.0044 0.0308 0.012
 0.004 0.0304 0.012
 0.0044 0.03 0.012
 0.0048 0.0296 0.012
 0.0036 0.0296 0.0128
 0.004 0.03 0.0136
 0.004 0.0304 0.012
 0.004 0.0296 0.0124
 0.0044 0.03 0.0124
 0.004 0.03 0.0124
 0.004 0.0296 0.012
 0.004 0.0304 0.0124
 0.004 0.03 0.0116
 0.0036 0.03 0.0128
 0.0044 0.0296 0.012
 0.0036 0.0304 0.0124
 0.0044 0.0304 0.0124
 0.004 0.0304 0.0124
 0.004 0.03 0.0124
 0.0048 0.0304 0.0116
 0.004 0.0304 0.0124
 0.004 0.0304 0.0124
 0.004 0.0296 0.012
 0.004 0.0296 0.0124
 0.004 0.0296 0.012
 0.0036 0.03 0.012
 0.004 0.0304 0.012
 0.004 0.03 0.0124
 0.004 0.03 0.012
 0.0044 0.03 0.012
 0.004 0.03 0.012
 0.0044 0.03 0.0124
 0.0036 0.0304 0.012
 0.0052 0.03 0.0116
 0.0044 0.0304 0.012
 0.0048 0.0296 0.0124
 0.004 0.0296 0.0128
 0.004 0.0296 0.0124
 0.004 0.0296 0.0124
 0.0044 0.03 0.0124
 0.004 0.03 0.012
 0.0044 0.03 0.0124
 0.004 0.0296 0.0116
 0.0044 0.0304 0.0116
 0.0044 0.0304 0.012
 0.0044 0.03 0.0116
 0.0044 0.0292 0.012
 0.004 0.03 0.012
 0.0044 0.03 0.0124
 0.0036 0.0308 0.012
 0.0048 0.0296 0.0124
 0.0036 0.0296 0.0124
 0.0044 0.03 0.0124
 0.004 0.0296 0.012
 0.0044 0.03 0.0124
 0.004 0.03 0.0124
 0.004 0.0296 0.012
 0.0044 0.03 0.012
 0.004 0.0296 0.0124
 0.0044 0.03 0.0128
 0.0044 0.0304 0.0116
 0.0044 0.0296 0.012
 0.0044 0.03 0.012
 0.004 0.0304 0.0124
 0.004 0.0296 0.012
 0.0044 0.0304 0.012
 0.004 0.0304 0.012
 0.0044 0.0304 0.012
 0.004 0.03 0.0116
 0.0044 0.0304 0.0116
 0.0044 0.0308 0.0128
 0.0044 0.03 0.012
 0.004 0.0296 0.0116
 0.0048 0.0296 0.012
 0.0044 0.03 0.012
 0.004 0.0296 0.0124
 0.0044 0.0296 0.0124
 0.004 0.03 0.012
 0.004 0.03 0.0124
 0.004 0.03 0.0124
 0.004 0.03 0.012
 0.004 0.0296 0.012
 0.0036 0.03 0.012
 0.0048 0.03 0.0124
 0.0048 0.0308 0.012
 0.0036 0.0296 0.0124
 0.0036 0.0304 0.0112
 0.0036 0.03 0.0116
 0.0048 0.0304 0.0124
 0.0044 0.0304 0.012
 0.004 0.03 0.012
 0.0044 0.03 0.012
 0.0044 0.0296 0.012
 0.0036 0.0304 0.0124
 0.004 0.0296 0.0124
 0.0044 0.03 0.012
 0.004 0.0296 0.0124
 0.0044 0.0308 0.012
 0.0044 0.03 0.012
 0.0044 0.03 0.0124
 0.004 0.0304 0.0128
 0.004 0.0296 0.0128
 0.0048 0.0296 0.0124
 0.0044 0.0296 0.012
 0.0048 0.03 0.012
 0.004 0.0304 0.012
 0.004 0.0296 0.0128
 0.0044 0.0308 0.0128
 0.004 0.03 0.012
 0.0044 0.03 0.0124
 0.0044 0.0308 0.0124
 0.0044 0.0304 0.012
 0.0044 0.03 0.012
 0.0044 0.0296 0.0116
 0.0044 0.0304 0.0124
 0.0044 0.0304 0.0124
 0.0048 0.03 0.012
 0.004 0.0308 0.0128
 0.0036 0.03 0.012
 0.0036 0.03 0.0124
 0.004 0.03 0.012
 0.0044 0.0296 0.0124
 0.0044 0.03 0.0128
 0.0044 0.03 0.012
 0.004 0.03 0.0124
 0.0048 0.0304 0.012
 0.004 0.0296 0.0128
 0.0036 0.03 0.0116
 0.0044 0.03 0.0124
 0.0048 0.03 0.0124
 0.0044 0.03 0.0132
 0.0044 0.0304 0.0128
 0.0044 0.0304 0.012
 0.0044 0.0296 0.012
 0.0044 0.03 0.0124
 0.0044 0.03 0.012
 0.0048 0.03 0.012
 0.004 0.03 0.0124
 0.0044 0.03 0.0124
 0.004 0.0304 0.012
 0.004 0.0304 0.012
 0.0044 0.0292 0.0124
 0.0044 0.0296 0.012
 0.0036 0.0296 0.0116
 0.0036 0.0292 0.0128
 0.0036 0.0296 0.0124
 0.0044 0.0296 0.012
 0.004 0.0296 0.0124
 0.0036 0.0296 0.0124
 0.0044 0.0312 0.0124
 0.004 0.03 0.0124
 0.0044 0.03 0.012
 0.0044 0.0296 0.0124
 0.0044 0.0296 0.012
 0.004 0.0304 0.0116
 0.004 0.0304 0.012
 0.0044 0.0296 0.012
 0.0036 0.03 0.012
 0.0044 0.0304 0.0124
 0.004 0.03 0.0124
 0.004 0.0296 0.0124
 0.0044 0.0308 0.0124
 0.004 0.03 0.012
 0.0036 0.0296 0.0124
 0.004 0.0284 0.0128
 0.0036 0.0296 0.012
 0.0044 0.03 0.012
 0.0044 0.0304 0.0124
 0.0044 0.0292 0.012
 0.0044 0.03 0.0128
 0.0044 0.0296 0.012
