# Created by Octave 4.2.0, Wed Jul 25 13:17:31 2018 IST <srijith@satvam-ws>
# name: revb_rdc
# type: matrix
# rows: 4001
# columns: 3
 0.004 0.0304 0.0108
 0.004 0.0292 0.01
 0.0044 0.03 0.0108
 0.0036 0.0296 0.0108
 0.004 0.0288 0.0108
 0.0036 0.0296 0.0116
 0.004 0.0292 0.0116
 0.0044 0.0292 0.0112
 0.0036 0.0288 0.0112
 0.0048 0.0292 0.0112
 0.004 0.0296 0.0112
 0.004 0.0292 0.0112
 0.004 0.0288 0.0112
 0.0032 0.0288 0.0112
 0.004 0.0292 0.0108
 0.0036 0.0296 0.0112
 0.004 0.0284 0.0112
 0.004 0.0292 0.0116
 0.0044 0.0292 0.0112
 0.0036 0.0288 0.0116
 0.0036 0.0292 0.0108
 0.004 0.0292 0.0116
 0.004 0.0288 0.0108
 0.004 0.0296 0.0112
 0.004 0.0288 0.012
 0.0032 0.0296 0.0116
 0.0044 0.0288 0.0108
 0.004 0.0292 0.0112
 0.0036 0.03 0.0116
 0.004 0.0296 0.0116
 0.0044 0.0296 0.0116
 0.0032 0.0292 0.0112
 0.004 0.0296 0.0116
 0.004 0.0292 0.0112
 0.004 0.03 0.0108
 0.0036 0.0292 0.0116
 0.0036 0.0296 0.0112
 0.0036 0.0292 0.0116
 0.004 0.0296 0.0116
 0.004 0.0288 0.0112
 0.0036 0.0296 0.0108
 0.0036 0.0296 0.0112
 0.004 0.0292 0.0112
 0.004 0.0292 0.0112
 0.0036 0.0288 0.0108
 0.004 0.0292 0.0112
 0.004 0.0292 0.0116
 0.004 0.0288 0.0108
 0.0036 0.0296 0.012
 0.0044 0.0292 0.0116
 0.0036 0.0288 0.0116
 0.004 0.0296 0.0112
 0.0044 0.0288 0.0104
 0.004 0.0288 0.0112
 0.0044 0.0296 0.0112
 0.0036 0.0296 0.0116
 0.0036 0.0288 0.012
 0.0036 0.0296 0.0112
 0.0036 0.0296 0.0116
 0.0048 0.0292 0.0116
 0.0044 0.0292 0.0108
 0.0036 0.0288 0.0108
 0.004 0.0296 0.0108
 0.004 0.0296 0.0108
 0.0036 0.0296 0.0108
 0.004 0.0292 0.0108
 0.0044 0.0296 0.0116
 0.0044 0.0292 0.0108
 0.0044 0.0288 0.0104
 0.0028 0.0288 0.0116
 0.004 0.0292 0.0112
 0.004 0.0292 0.0116
 0.004 0.0292 0.0112
 0.0036 0.0292 0.0112
 0.0032 0.0292 0.0112
 0.0044 0.0292 0.0116
 0.0044 0.0296 0.0116
 0.0036 0.0292 0.0108
 0.004 0.0292 0.0112
 0.0032 0.0296 0.0112
 0.0044 0.0292 0.0108
 0.0036 0.0292 0.0112
 0.0044 0.0288 0.0112
 0.004 0.0292 0.0112
 0.0036 0.0296 0.0112
 0.004 0.03 0.012
 0.0032 0.0292 0.0112
 0.0044 0.0288 0.0108
 0.0044 0.0296 0.0108
 0.004 0.03 0.0108
 0.0044 0.0288 0.0116
 0.004 0.0296 0.0108
 0.004 0.0292 0.0108
 0.0036 0.0296 0.0104
 0.0044 0.0292 0.0116
 0.0044 0.03 0.0116
 0.0044 0.0288 0.0112
 0.0032 0.0292 0.0112
 0.0032 0.0292 0.0116
 0.004 0.0288 0.0112
 0.004 0.0296 0.0112
 0.0032 0.0296 0.0112
 0.004 0.0288 0.0108
 0.0036 0.0292 0.0116
 0.0036 0.03 0.0112
 0.0036 0.0288 0.0116
 0.0036 0.0296 0.0108
 0.004 0.0292 0.0116
 0.0036 0.0288 0.0112
 0.0036 0.0292 0.0112
 0.004 0.0292 0.0116
 0.0032 0.0296 0.012
 0.0036 0.03 0.012
 0.0036 0.0288 0.0112
 0.0032 0.0292 0.0116
 0.0036 0.0296 0.0112
 0.004 0.03 0.0112
 0.0036 0.0288 0.0112
 0.0036 0.0296 0.0108
 0.0036 0.0292 0.0108
 0.0036 0.0292 0.012
 0.004 0.0296 0.0116
 0.004 0.0292 0.0112
 0.004 0.0296 0.0116
 0.0036 0.0292 0.0112
 0.004 0.0296 0.0108
 0.0196 0.0296 0.0116
 0.016 0.032 0.0108
 0.0124 0.0296 0.0116
 0.0164 0.03 0.0108
 0.014 0.0296 0.0112
 0.0136 0.0292 0.012
 0.0144 0.0296 0.0112
 0.0148 0.0296 0.0116
 0.0136 0.0296 0.0112
 0.014 0.0296 0.0116
 0.0136 0.0292 0.0112
 0.014 0.0288 0.0108
 0.014 0.0296 0.0112
 0.0032 0.0296 0.0116
 0.0036 0.0292 0.0116
 0.0044 0.0288 0.0112
 0.004 0.0296 0.0108
 0.004 0.0292 0.0116
 0.0044 0.0292 0.0112
 0.0044 0.0292 0.0112
 0.0044 0.0292 0.0124
 0.0044 0.0292 0.0108
 0.004 0.0296 0.0116
 0.004 0.0292 0.0112
 0.004 0.0292 0.0112
 0.0044 0.0296 0.0112
 0.0044 0.0296 0.012
 0.0036 0.0296 0.0112
 0.0032 0.0292 0.0116
 0.0044 0.0296 0.0112
 0.004 0.0296 0.0112
 0.0036 0.0296 0.0112
 0.004 0.0292 0.0112
 0.004 0.0292 0.0112
 0.004 0.0296 0.0116
 0.0044 0.0292 0.0116
 0.0044 0.03 0.0116
 0.0036 0.0296 0.0112
 0.0036 0.0296 0.0116
 0.0044 0.0296 0.0112
 0.0036 0.032 0.0108
 0.0036 0.0292 0.0104
 0.0036 0.0292 0.0112
 0.004 0.0296 0.0112
 0.0036 0.0292 0.0112
 0.0044 0.0296 0.0116
 0.004 0.0292 0.0116
 0.0036 0.0288 0.0112
 0.0036 0.0296 0.0108
 0.0036 0.0296 0.0112
 0.0036 0.0296 0.0152
 0.004 0.03 0.0112
 0.0036 0.0292 0.0108
 0.0044 0.0292 0.0116
 0.004 0.0292 0.0116
 0.0044 0.0292 0.0108
 0.0044 0.03 0.0116
 0.0036 0.0288 0.0112
 0.0036 0.0292 0.0108
 0.0036 0.0296 0.0116
 0.0052 0.0292 0.0108
 0.0048 0.0292 0.0112
 0.004 0.0292 0.0112
 0.0036 0.0304 0.0104
 0.004 0.0296 0.0112
 0.0036 0.0296 0.0112
 0.0032 0.03 0.012
 0.004 0.0292 0.0116
 0.0036 0.03 0.0112
 0.004 0.0296 0.0116
 0.0036 0.0296 0.0108
 0.004 0.03 0.0108
 0.0056 0.03 0.0112
 0.0044 0.0292 0.0116
 0.0044 0.0296 0.0116
 0.0036 0.0288 0.0112
 0.004 0.0296 0.012
 0.004 0.0292 0.0116
 0.004 0.0292 0.0108
 0.004 0.0292 0.012
 0.004 0.0292 0.0104
 0.004 0.03 0.0112
 0.004 0.0292 0.0112
 0.0036 0.0296 0.0112
 0.004 0.0292 0.0108
 0.004 0.0292 0.0112
 0.004 0.03 0.0116
 0.0036 0.0296 0.0108
 0.004 0.03 0.0116
 0.0044 0.0292 0.0136
 0.0044 0.0296 0.0108
 0.0044 0.0292 0.0116
 0.004 0.0292 0.0104
 0.0044 0.0296 0.0108
 0.004 0.0288 0.0112
 0.0048 0.03 0.0108
 0.004 0.0296 0.0112
 0.004 0.0292 0.0112
 0.0036 0.0296 0.0112
 0.004 0.0296 0.0116
 0.004 0.03 0.0112
 0.0036 0.0292 0.0116
 0.004 0.03 0.0112
 0.0036 0.0292 0.0112
 0.0044 0.0296 0.0116
 0.0044 0.0292 0.0112
 0.0044 0.0292 0.0116
 0.0044 0.0288 0.0112
 0.0044 0.0292 0.0112
 0.0036 0.0296 0.0108
 0.004 0.0296 0.0108
 0.0036 0.0292 0.0112
 0.004 0.0292 0.0108
 0.0044 0.0296 0.0112
 0.0044 0.0296 0.0112
 0.004 0.03 0.0112
 0.004 0.0288 0.0112
 0.0032 0.0292 0.0108
 0.0044 0.0288 0.0112
 0.004 0.0296 0.0116
 0.0036 0.0296 0.0108
 0.004 0.0296 0.0108
 0.0044 0.0288 0.0116
 0.004 0.0292 0.0108
 0.0048 0.03 0.0116
 0.0036 0.0296 0.0112
 0.004 0.0296 0.0112
 0.004 0.0292 0.0108
 0.004 0.0296 0.0148
 0.004 0.0296 0.0112
 0.004 0.0292 0.0116
 0.004 0.0296 0.0112
 0.004 0.0296 0.0112
 0.004 0.0292 0.0112
 0.004 0.0296 0.012
 0.0036 0.0292 0.0112
 0.0036 0.0292 0.0112
 0.0044 0.03 0.0112
 0.004 0.0292 0.0108
 0.0044 0.0296 0.0116
 0.004 0.0296 0.0116
 0.004 0.0292 0.0116
 0.004 0.0292 0.0112
 0.004 0.0292 0.0116
 0.0048 0.0292 0.0112
 0.004 0.0292 0.0112
 0.004 0.0284 0.0116
 0.0036 0.0292 0.0108
 0.0036 0.0288 0.0108
 0.0036 0.0296 0.0108
 0.0032 0.03 0.0108
 0.0036 0.0296 0.0112
 0.0032 0.03 0.0112
 0.004 0.0296 0.0108
 0.004 0.0292 0.0112
 0.004 0.0296 0.0108
 0.004 0.0288 0.0112
 0.004 0.0296 0.0104
 0.0036 0.03 0.0104
 0.004 0.03 0.0116
 0.004 0.0288 0.0116
 0.0036 0.0296 0.0112
 0.0044 0.0292 0.0108
 0.004 0.0296 0.0112
 0.004 0.0292 0.012
 0.0048 0.0292 0.0116
 0.0036 0.0288 0.0112
 0.004 0.0288 0.012
 0.0036 0.0288 0.0116
 0.004 0.0296 0.0112
 0.004 0.0292 0.0116
 0.0048 0.0292 0.012
 0.0044 0.0292 0.0116
 0.0036 0.03 0.0116
 0.004 0.0288 0.0116
 0.0028 0.03 0.0116
 0.004 0.0304 0.0108
 0.0032 0.0296 0.012
 0.0044 0.0292 0.0112
 0.0036 0.03 0.0112
 0.004 0.0296 0.0108
 0.004 0.0296 0.0112
 0.0032 0.0288 0.0116
 0.0036 0.0288 0.0112
 0.004 0.0292 0.0116
 0.004 0.0292 0.0112
 0.004 0.0284 0.0112
 0.004 0.0292 0.0116
 0.0044 0.0296 0.0108
 0.0044 0.0296 0.0112
 0.004 0.0292 0.0116
 0.0032 0.0296 0.0116
 0.0048 0.0296 0.0116
 0.0044 0.0296 0.0116
 0.004 0.0296 0.0108
 0.004 0.0288 0.0112
 0.0044 0.0292 0.0112
 0.004 0.0296 0.0108
 0.004 0.0296 0.0112
 0.004 0.0288 0.0108
 0.004 0.0296 0.0112
 0.004 0.0292 0.0116
 0.0044 0.0292 0.0116
 0.0036 0.0296 0.0116
 0.0036 0.0292 0.0112
 0.0044 0.03 0.0108
 0.0036 0.0292 0.0112
 0.004 0.0292 0.0116
 0.0036 0.0288 0.0112
 0.004 0.0292 0.0108
 0.0036 0.03 0.0108
 0.004 0.0296 0.0112
 0.004 0.0296 0.0116
 0.0032 0.0296 0.0112
 0.0044 0.0296 0.0108
 0.0036 0.0292 0.0116
 0.004 0.0292 0.0108
 0.004 0.0292 0.0112
 0.0052 0.0288 0.0108
 0.0036 0.0304 0.0108
 0.004 0.0292 0.0116
 0.0044 0.0292 0.012
 0.004 0.0292 0.0116
 0.0044 0.0296 0.0112
 0.004 0.0296 0.0112
 0.0044 0.0296 0.0108
 0.004 0.0292 0.0116
 0.0044 0.03 0.0108
 0.0036 0.0296 0.0116
 0.0036 0.0296 0.0112
 0.004 0.0292 0.0112
 0.0036 0.0292 0.0116
 0.0048 0.0296 0.0116
 0.004 0.0292 0.0116
 0.004 0.0304 0.0116
 0.004 0.0296 0.012
 0.0036 0.0292 0.0112
 0.0044 0.0288 0.0108
 0.0036 0.0296 0.0116
 0.004 0.0292 0.0112
 0.0044 0.0292 0.0112
 0.004 0.0296 0.0116
 0.004 0.03 0.0112
